1	817.75
2	712.35
3	558.96
4	558.48
5	465.19
6	446.02
7	449.65
8	402.96
9	395.04
10	434.28
11	354.53
12	376.10
13	364.46
14	359.07
15	341.56
16	326.43
17	328.66
18	328.09
19	367.29
20	339.30
21	335.37
22	341.23
23	354.89
24	325.79
25	294.66
26	318.42
27	303.43
28	315.45
29	289.60
30	267.12
31	292.19
32	269.23
33	268.73
34	246.07
35	252.54
36	265.17
37	254.38
38	245.63
39	249.21
40	247.10
41	230.88
42	242.63
43	231.71
44	241.32
45	219.46
46	228.62
47	224.87
48	239.00
49	211.29
50	209.07
51	212.00
52	225.14
53	198.28
54	196.22
55	201.71
56	196.02
57	198.11
58	178.52
59	193.72
60	186.15
61	195.81
62	201.92
63	175.09
64	174.12
65	180.25
66	182.36
67	182.52
68	184.69
69	187.50
70	196.33
71	178.68
72	178.99
73	175.48
74	172.10
75	177.09
76	186.44
77	175.34
78	174.68
79	169.34
80	170.12
81	172.75
82	172.98
83	172.19
84	160.98
85	165.79
86	171.17
87	157.57
88	177.20
89	170.22
90	172.41
91	181.81
92	161.06
93	154.34
94	163.04
95	160.87
96	154.65
97	162.93
98	149.96
99	161.81
100	170.19
101	174.48
102	157.52
103	161.47
104	168.56
105	159.97
106	156.29
107	165.77
108	166.82
109	162.58
110	151.53
111	164.27
112	149.76
113	149.22
114	158.02
115	154.81
116	162.07
117	157.17
118	169.39
119	149.58
120	147.40
121	144.10
122	161.48
123	156.10
124	142.91
125	145.98
126	150.13
127	141.05
128	160.31
129	155.99
130	149.99
131	150.00
132	154.20
133	145.60
134	142.67
135	144.29
136	142.32
137	156.57
138	146.42
139	149.86
140	143.36
141	155.59
142	153.58
143	141.64
144	140.74
145	154.57
146	152.95
147	148.74
148	145.70
149	140.59
150	142.30
151	138.25
152	136.32
153	142.88
154	143.17
155	141.98
156	144.45
157	150.27
158	144.90
159	142.46
160	147.12
161	135.67
162	138.02
163	140.58
164	135.96
165	148.74
166	144.94
167	142.57
168	143.58
169	147.46
170	134.58
171	135.74
172	138.33
173	136.46
174	133.17
175	135.58
176	139.91
177	130.71
178	139.39
179	133.72
180	135.97
181	135.80
182	144.94
183	131.14
184	132.89
185	140.52
186	132.10
187	142.52
188	132.04
189	131.26
190	135.09
191	142.67
192	132.25
193	131.70
194	137.11
195	137.02
196	138.83
197	139.67
198	132.18
199	139.88
200	131.34
201	136.97
202	132.48
203	136.67
204	131.82
205	132.20
206	138.71
207	131.79
208	132.28
209	138.22
210	137.93
211	126.27
212	123.88
213	129.94
214	128.75
215	128.18
216	127.12
217	125.13
218	130.99
219	136.03
220	129.94
221	132.13
222	126.19
223	127.86
224	132.46
225	132.95
226	125.38
227	123.02
228	112.41
229	135.37
230	119.18
231	125.19
232	124.56
233	127.63
234	124.38
235	123.49
236	135.00
237	123.63
238	131.27
239	124.78
240	129.95
241	123.61
242	136.23
243	126.61
244	134.19
245	126.78
246	121.95
247	126.13
248	128.17
249	123.63
250	125.33
251	119.58
252	131.12
253	129.35
254	121.23
255	122.71
256	132.29
257	112.73
258	126.87
259	117.06
260	127.76
261	117.84
262	124.33
263	118.44
264	118.93
265	126.54
266	119.55
267	118.21
268	126.17
269	120.53
270	121.82
271	117.83
272	119.55
273	121.19
274	123.63
275	117.93
276	120.33
277	118.40
278	122.81
279	119.39
280	124.95
281	112.70
282	126.32
283	117.23
284	122.23
285	117.82
286	118.93
287	125.25
288	122.86
289	112.92
290	123.15
291	123.54
292	121.17
293	118.65
294	118.75
295	122.85
296	123.68
297	125.76
298	118.58
299	113.70
300	112.08
301	117.84
302	125.58
303	118.70
304	113.33
305	115.01
306	120.27
307	111.06
308	119.69
309	118.00
310	113.68
311	115.31
312	120.23
313	114.06
314	111.42
315	123.15
316	120.65
317	117.39
318	117.39
319	116.97
320	113.39
321	121.22
322	116.43
323	114.94
324	109.42
325	113.05
326	117.37
327	114.08
328	114.74
329	122.90
330	112.23
331	125.51
332	108.85
333	117.64
334	117.32
335	116.16
336	117.17
337	118.79
338	116.70
339	121.14
340	118.37
341	115.99
342	116.25
343	116.12
344	115.76
345	124.05
346	121.54
347	115.47
348	108.36
349	115.00
350	121.47
351	108.68
352	114.51
353	114.27
354	117.93
355	110.44
356	118.00
357	119.14
358	114.43
359	121.47
360	116.86
361	115.75
362	109.59
363	113.33
364	114.00
365	121.03
366	113.92
367	113.94
368	113.12
369	112.66
370	106.21
371	108.31
372	110.64
373	109.35
374	114.46
375	118.53
376	122.13
377	107.37
378	114.67
379	110.28
380	111.91
381	106.25
382	114.53
383	111.32
384	109.40
385	107.59
386	112.39
387	109.76
388	110.85
389	104.54
390	116.06
391	107.55
392	111.04
393	115.22
394	117.14
395	108.50
396	116.42
397	113.13
398	114.17
399	111.39
400	113.43
401	113.07
402	112.43
403	110.14
404	104.88
405	112.41
406	114.85
407	110.24
408	107.16
409	114.91
410	114.02
411	114.13
412	114.25
413	110.88
414	106.10
415	103.18
416	116.71
417	114.51
418	111.88
419	110.33
420	109.68
421	118.34
422	110.94
423	108.04
424	102.60
425	109.78
426	110.40
427	108.56
428	110.76
429	108.97
430	106.02
431	115.53
432	105.87
433	110.74
434	107.63
435	101.27
436	107.69
437	104.40
438	111.05
439	108.86
440	101.88
441	109.29
442	107.29
443	107.60
444	103.83
445	107.17
446	104.63
447	102.59
448	104.90
449	109.69
450	111.70
451	103.88
452	101.74
453	105.64
454	108.14
455	116.06
456	98.84
457	109.21
458	104.87
459	116.19
460	103.97
461	104.06
462	108.07
463	111.46
464	110.45
465	101.78
466	100.38
467	103.60
468	107.31
469	107.65
470	112.89
471	113.49
472	105.64
473	111.52
474	110.54
475	99.52
476	107.44
477	110.68
478	106.41
479	106.18
480	109.64
481	101.99
482	101.58
483	107.52
484	105.81
485	106.13
486	107.63
487	105.76
488	111.98
489	113.14
490	107.31
491	105.01
492	109.40
493	102.64
494	102.55
495	104.89
496	108.58
497	107.37
498	106.18
499	107.31
500	107.96
501	99.52
502	106.04
503	100.95
504	110.30
505	107.13
506	104.34
507	97.66
508	98.07
509	101.85
510	105.63
511	104.16
512	103.21
513	100.76
514	104.61
515	106.38
516	107.46
517	111.94
518	101.80
519	100.64
520	102.25
521	102.91
522	102.10
523	100.02
524	100.32
525	100.68
526	101.64
527	98.77
528	105.26
529	102.90
530	103.79
531	106.55
532	103.95
533	103.12
534	103.46
535	106.64
536	101.07
537	102.13
538	101.15
539	107.71
540	103.75
541	98.42
542	104.43
543	103.81
544	101.02
545	98.26
546	105.61
547	103.25
548	101.95
549	102.56
550	101.60
551	103.15
552	94.11
553	103.63
554	107.83
555	102.96
556	99.57
557	107.61
558	105.72
559	96.89
560	103.97
561	107.72
562	105.22
563	99.93
564	103.10
565	97.53
566	108.21
567	95.65
568	103.99
569	106.30
570	102.47
571	100.21
572	102.11
573	102.05
574	104.57
575	100.60
576	107.91
577	108.74
578	102.35
579	99.35
580	97.12
581	99.67
582	102.07
583	103.35
584	104.96
585	100.17
586	98.81
587	111.72
588	107.60
589	109.14
590	100.23
591	96.52
592	104.53
593	103.70
594	101.80
595	101.52
596	97.45
597	99.24
598	107.25
599	103.12
600	96.83
601	103.14
602	99.86
603	98.91
604	106.75
605	106.98
606	102.49
607	101.41
608	101.55
609	100.97
610	99.03
611	100.63
612	99.39
613	98.12
614	98.11
615	93.20
616	101.00
617	99.85
618	105.84
619	99.54
620	107.44
621	102.62
622	92.29
623	107.58
624	107.06
625	108.42
626	103.90
627	101.89
628	99.95
629	99.88
630	103.41
631	98.00
632	103.63
633	104.26
634	101.59
635	95.25
636	102.11
637	101.13
638	95.10
639	99.67
640	103.87
641	101.94
642	101.96
643	100.19
644	102.11
645	100.41
646	96.76
647	109.51
648	104.39
649	103.18
650	100.10
651	100.59
652	103.21
653	98.40
654	106.20
655	98.45
656	94.22
657	100.99
658	95.88
659	93.19
660	108.69
661	94.97
662	96.59
663	98.79
664	98.57
665	93.98
666	103.50
667	96.25
668	95.45
669	101.95
670	97.34
671	102.30
672	97.14
673	99.28
674	95.80
675	94.49
676	105.74
677	94.93
678	101.77
679	95.31
680	105.60
681	99.33
682	99.84
683	92.70
684	98.63
685	98.03
686	91.92
687	100.77
688	98.70
689	104.68
690	99.71
691	94.95
692	105.22
693	104.12
694	100.44
695	103.71
696	98.25
697	95.53
698	103.86
699	95.94
700	92.77
701	94.56
702	97.48
703	103.26
704	104.86
705	100.46
706	101.57
707	100.51
708	95.63
709	94.76
710	99.08
711	99.01
712	97.75
713	104.84
714	96.06
715	99.99
716	97.21
717	105.86
718	91.60
719	90.89
720	94.36
721	102.48
722	94.67
723	100.51
724	97.26
725	96.95
726	102.60
727	100.50
728	95.65
729	98.94
730	97.78
731	96.72
732	96.82
733	97.61
734	99.15
735	98.16
736	97.36
737	101.37
738	93.83
739	95.61
740	96.95
741	99.85
742	97.40
743	100.26
744	95.19
745	94.60
746	95.01
747	100.23
748	101.89
749	97.10
750	99.63
751	96.69
752	95.23
753	96.65
754	102.28
755	96.93
756	98.23
757	102.15
758	95.36
759	95.63
760	99.20
761	93.80
762	94.32
763	98.22
764	94.68
765	102.02
766	99.55
767	95.15
768	97.65
769	97.34
770	101.20
771	102.98
772	86.40
773	98.85
774	101.37
775	96.93
776	97.73
777	99.32
778	100.48
779	98.24
780	100.15
781	93.52
782	101.23
783	99.03
784	96.75
785	93.69
786	94.95
787	97.90
788	94.18
789	92.23
790	97.66
791	97.76
792	93.04
793	102.04
794	99.11
795	94.91
796	99.92
797	94.93
798	97.00
799	95.41
800	97.37
801	97.80
802	92.49
803	102.18
804	92.73
805	93.70
806	98.59
807	96.21
808	99.47
809	103.60
810	101.29
811	99.22
812	94.95
813	101.75
814	98.31
815	101.05
816	97.66
817	96.75
818	101.08
819	98.51
820	100.21
821	95.88
822	98.60
823	88.88
824	98.05
825	92.63
826	98.58
827	98.53
828	98.72
829	98.32
830	98.89
831	99.30
832	95.72
833	96.41
834	96.21
835	103.42
836	100.94
837	95.10
838	101.95
839	93.76
840	93.84
841	94.35
842	98.16
843	98.72
844	99.17
845	98.05
846	90.30
847	96.21
848	100.68
849	94.90
850	94.93
851	103.35
852	96.22
853	94.32
854	97.56
855	95.04
856	94.61
857	101.13
858	91.64
859	96.88
860	98.56
861	100.15
862	95.42
863	99.85
864	96.10
865	103.51
866	100.40
867	100.65
868	90.66
869	101.19
870	95.34
871	104.04
872	99.37
873	106.54
874	104.31
875	98.09
876	93.09
877	107.66
878	102.39
879	98.43
880	98.86
881	100.77
882	98.31
883	103.23
884	95.07
885	102.70
886	107.37
887	105.86
888	103.57
889	106.51
890	99.32
891	98.19
892	94.22
893	104.74
894	101.85
895	104.43
896	99.08
897	103.46
898	104.36
899	101.70
900	104.03
901	103.86
902	99.09
903	98.12
904	96.39
905	99.55
906	100.38
907	98.51
908	105.56
909	105.62
910	95.15
911	93.76
912	103.63
913	100.59
914	104.92
915	101.06
916	101.12
917	93.81
918	95.75
919	102.77
920	97.61
921	97.60
922	97.87
923	98.19
924	99.29
925	92.58
926	99.89
927	90.41
928	97.08
929	103.26
930	98.24
931	100.18
932	94.34
933	98.86
934	101.09
935	104.11
936	100.41
937	100.25
938	95.81
939	94.38
940	91.18
941	99.89
942	94.90
943	100.51
944	101.91
945	96.12
946	95.37
947	98.53
948	99.16
949	105.23
950	102.51
951	101.06
952	94.20
953	93.67
954	102.26
955	97.60
956	96.65
957	97.17
958	98.48
959	101.19
960	91.41
961	99.23
962	93.26
963	98.04
964	98.21
965	102.57
966	96.84
967	93.81
968	95.75
969	103.02
970	97.82
971	97.64
972	95.90
973	94.41
974	96.89
975	96.42
976	100.80
977	101.45
978	97.50
979	99.96
980	97.15
981	95.85
982	100.33
983	97.30
984	106.04
985	100.33
986	95.38
987	99.82
988	93.83
989	99.64
990	95.29
991	97.16
992	99.26
993	94.76
994	94.70
995	95.17
996	93.17
997	101.87
998	95.20
999	96.44
1000	98.63
1001	99.85
1002	101.69
1003	100.28
1004	101.39
1005	92.37
1006	93.91
1007	99.97
1008	97.75
1009	92.28
1010	87.91
1011	102.63
1012	97.51
1013	95.45
1014	96.17
1015	91.99
1016	99.70
1017	96.03
1018	93.95
1019	95.33
1020	100.73
1021	94.52
1022	91.86
1023	97.21
1024	103.18
1025	97.51
1026	94.16
1027	92.50
1028	93.07
1029	91.95
1030	95.24
1031	97.33
1032	101.42
1033	98.84
1034	98.82
1035	101.52
1036	94.24
1037	102.84
1038	96.32
1039	93.62
1040	96.85
1041	94.52
1042	95.38
1043	95.63
1044	99.06
1045	94.97
1046	93.17
1047	102.07
1048	98.76
1049	94.44
1050	93.05
1051	98.06
1052	99.70
1053	98.68
1054	102.02
1055	97.29
1056	91.79
1057	98.43
1058	100.87
1059	95.65
1060	100.42
1061	103.53
1062	98.09
1063	91.13
1064	96.06
1065	97.02
1066	98.87
1067	94.97
1068	97.03
1069	95.36
1070	94.28
1071	94.28
1072	103.69
1073	93.81
1074	98.52
1075	93.68
1076	98.28
1077	93.77
1078	97.06
1079	93.61
1080	95.07
1081	96.09
1082	97.28
1083	93.66
1084	91.50
1085	97.07
1086	97.69
1087	95.84
1088	89.46
1089	93.74
1090	95.76
1091	92.76
1092	92.02
1093	94.21
1094	93.66
1095	94.87
1096	100.75
1097	91.59
1098	98.55
1099	98.24
1100	100.79
1101	94.69
1102	98.59
1103	93.04
1104	93.06
1105	95.54
1106	100.42
1107	94.80
1108	97.70
1109	95.57
1110	100.39
1111	93.89
1112	91.83
1113	96.11
1114	100.33
1115	92.24
1116	88.99
1117	97.19
1118	90.61
1119	91.33
1120	97.75
1121	90.35
1122	96.95
1123	95.22
1124	103.97
1125	90.03
1126	98.34
1127	91.98
1128	91.52
1129	95.75
1130	97.88
1131	95.83
1132	99.02
1133	97.02
1134	98.96
1135	91.83
1136	97.97
1137	93.10
1138	91.64
1139	89.28
1140	97.30
1141	96.03
1142	98.03
1143	94.92
1144	99.26
1145	90.73
1146	95.09
1147	90.93
1148	97.50
1149	91.08
1150	94.28
1151	95.41
1152	93.07
1153	93.06
1154	91.37
1155	96.95
1156	95.68
1157	98.81
1158	94.28
1159	96.62
1160	93.40
1161	89.79
1162	98.52
1163	98.55
1164	99.35
1165	94.38
1166	99.21
1167	95.32
1168	93.86
1169	95.76
1170	95.51
1171	99.79
1172	91.17
1173	93.14
1174	96.14
1175	94.47
1176	93.44
1177	94.40
1178	97.64
1179	93.88
1180	89.11
1181	99.96
1182	99.83
1183	97.49
1184	99.34
1185	99.61
1186	93.51
1187	97.95
1188	98.36
1189	89.82
1190	97.34
1191	100.24
1192	98.34
1193	95.75
1194	97.29
1195	95.62
1196	92.17
1197	96.75
1198	92.37
1199	88.76
1200	89.01
1201	93.85
1202	94.42
1203	95.66
1204	92.07
1205	85.47
1206	95.86
1207	97.26
1208	91.94
1209	93.43
1210	95.83
1211	98.81
1212	88.42
1213	91.45
1214	93.66
1215	95.58
1216	92.96
1217	92.01
1218	97.03
1219	95.38
1220	94.09
1221	95.21
1222	101.74
1223	87.75
1224	94.23
1225	100.33
1226	95.18
1227	96.54
1228	96.55
1229	90.81
1230	90.71
1231	99.63
1232	94.69
1233	97.82
1234	95.05
1235	91.99
1236	93.29
1237	99.02
1238	89.81
1239	94.76
1240	92.42
1241	93.25
1242	91.95
1243	91.04
1244	91.65
1245	90.09
1246	93.32
1247	90.87
1248	93.77
1249	95.32
1250	100.52
1251	94.27
1252	91.30
1253	94.73
1254	93.84
1255	93.17
1256	97.00
1257	96.10
1258	95.55
1259	91.35
1260	89.47
1261	97.87
1262	95.15
1263	91.77
1264	93.80
1265	92.40
1266	95.12
1267	92.51
1268	93.61
1269	89.29
1270	96.64
1271	101.29
1272	101.36
1273	88.05
1274	92.84
1275	90.13
1276	95.84
1277	87.43
1278	92.54
1279	96.02
1280	95.70
1281	92.69
1282	90.72
1283	95.74
1284	94.61
1285	102.40
1286	96.75
1287	93.38
1288	94.49
1289	94.42
1290	89.63
1291	96.05
1292	90.21
1293	95.08
1294	93.45
1295	91.04
1296	94.50
1297	95.88
1298	97.44
1299	92.38
1300	97.11
1301	98.85
1302	93.42
1303	90.14
1304	92.51
1305	90.33
1306	93.35
1307	93.48
1308	94.09
1309	97.40
1310	94.76
1311	98.93
1312	91.54
1313	92.08
1314	90.97
1315	97.32
1316	95.56
1317	87.94
1318	93.33
1319	102.06
1320	94.43
1321	94.31
1322	91.92
1323	96.52
1324	93.57
1325	90.77
1326	98.06
1327	90.69
1328	91.66
1329	95.19
1330	91.43
1331	99.30
1332	90.15
1333	93.50
1334	92.81
1335	93.47
1336	88.19
1337	91.63
1338	91.80
1339	90.26
1340	92.63
1341	98.28
1342	90.04
1343	91.98
1344	97.38
1345	87.89
1346	96.70
1347	95.23
1348	93.51
1349	94.67
1350	93.97
1351	89.33
1352	93.37
1353	94.23
1354	91.06
1355	96.54
1356	93.81
1357	97.62
1358	89.97
1359	96.18
1360	92.94
1361	95.08
1362	97.47
1363	97.04
1364	94.73
1365	92.17
1366	94.31
1367	92.48
1368	97.11
1369	84.88
1370	91.04
1371	96.88
1372	90.02
1373	96.77
1374	91.56
1375	91.06
1376	89.80
1377	93.00
1378	92.44
1379	94.31
1380	96.50
1381	97.05
1382	94.47
1383	93.97
1384	96.14
1385	91.52
1386	89.42
1387	91.38
1388	91.40
1389	94.27
1390	95.31
1391	97.40
1392	93.33
1393	88.25
1394	91.22
1395	95.96
1396	100.00
1397	99.03
1398	98.70
1399	96.58
1400	95.33
1401	94.59
1402	93.71
1403	92.94
1404	100.34
1405	88.27
1406	93.16
1407	94.34
1408	93.85
1409	94.88
1410	94.36
1411	95.31
1412	94.75
1413	90.09
1414	89.09
1415	92.96
1416	97.55
1417	95.54
1418	98.95
1419	91.78
1420	93.44
1421	99.11
1422	99.81
1423	90.25
1424	95.76
1425	89.36
1426	94.86
1427	92.91
1428	96.20
1429	94.86
1430	89.52
1431	96.87
1432	91.98
1433	92.53
1434	91.98
1435	89.58
1436	91.92
1437	97.80
1438	99.90
1439	93.75
1440	95.51
1441	97.30
1442	88.69
1443	90.71
1444	94.08
1445	99.10
1446	94.66
1447	88.83
1448	92.61
1449	91.65
1450	90.87
1451	95.18
1452	90.96
1453	92.22
1454	92.56
1455	95.88
1456	99.20
1457	94.74
1458	91.25
1459	94.16
1460	97.63
1461	89.42
1462	90.01
1463	94.90
1464	95.96
1465	98.15
1466	91.34
1467	94.47
1468	88.24
1469	92.89
1470	95.68
1471	92.17
1472	87.42
1473	89.80
1474	86.77
1475	90.86
1476	98.97
1477	89.99
1478	90.41
1479	91.63
1480	89.66
1481	96.25
1482	94.82
1483	91.41
1484	91.87
1485	96.85
1486	91.73
1487	92.75
1488	99.21
1489	92.00
1490	95.23
1491	89.08
1492	94.82
1493	88.40
1494	95.71
1495	85.88
1496	93.59
1497	101.64
1498	94.57
1499	94.03
1500	93.00
1501	85.23
1502	92.71
1503	97.74
1504	97.72
1505	90.11
1506	91.91
1507	93.70
1508	96.67
1509	95.13
1510	94.63
1511	88.99
1512	93.11
1513	89.97
1514	92.85
1515	91.63
1516	95.32
1517	93.29
1518	92.93
1519	93.75
1520	94.45
1521	97.87
1522	96.56
1523	92.24
1524	86.02
1525	96.56
1526	92.00
1527	89.22
1528	94.80
1529	87.15
1530	93.40
1531	92.30
1532	92.07
1533	89.73
1534	90.95
1535	95.48
1536	96.25
1537	96.47
1538	97.64
1539	86.43
1540	90.00
1541	85.57
1542	90.07
1543	93.64
1544	88.28
1545	87.66
1546	91.60
1547	90.13
1548	89.17
1549	95.03
1550	93.06
1551	93.16
1552	93.52
1553	89.33
1554	88.42
1555	93.61
1556	93.00
1557	94.48
1558	89.39
1559	91.23
1560	92.59
1561	85.35
1562	91.97
1563	91.61
1564	95.09
1565	90.64
1566	91.44
1567	89.90
1568	97.18
1569	95.50
1570	93.69
1571	88.24
1572	97.80
1573	94.03
1574	92.86
1575	93.91
1576	94.51
1577	90.15
1578	94.37
1579	95.50
1580	97.58
1581	97.47
1582	89.06
1583	88.37
1584	90.33
1585	90.94
1586	93.24
1587	93.85
1588	91.39
1589	89.57
1590	100.02
1591	94.38
1592	95.02
1593	95.24
1594	94.59
1595	96.91
1596	91.01
1597	95.71
1598	101.57
1599	90.98
1600	97.20
1601	93.19
1602	91.54
1603	93.02
1604	94.64
1605	88.33
1606	98.08
1607	86.77
1608	92.56
1609	95.12
1610	94.45
1611	94.49
1612	92.65
1613	89.72
1614	93.15
1615	92.60
1616	89.73
1617	96.44
1618	95.96
1619	86.73
1620	94.57
1621	95.35
1622	96.06
1623	95.46
1624	98.61
1625	96.10
1626	87.14
1627	92.25
1628	92.38
1629	88.64
1630	93.93
1631	95.31
1632	90.29
1633	95.99
1634	102.69
1635	94.47
1636	88.96
1637	101.18
1638	93.48
1639	94.22
1640	90.54
1641	88.06
1642	88.90
1643	91.07
1644	91.23
1645	96.73
1646	92.28
1647	94.87
1648	95.61
1649	97.66
1650	97.08
1651	95.83
1652	88.18
1653	92.01
1654	97.92
1655	96.84
1656	94.98
1657	91.03
1658	93.51
1659	90.84
1660	93.97
1661	91.62
1662	91.01
1663	92.57
1664	94.47
1665	96.68
1666	96.19
1667	90.62
1668	94.47
1669	90.66
1670	93.15
1671	90.57
1672	92.19
1673	90.77
1674	89.66
1675	96.06
1676	96.07
1677	95.29
1678	92.89
1679	92.79
1680	97.92
1681	92.38
1682	90.31
1683	95.84
1684	97.49
1685	87.35
1686	92.83
1687	93.11
1688	92.20
1689	92.97
1690	95.86
1691	91.36
1692	89.57
1693	91.70
1694	92.70
1695	99.47
1696	86.36
1697	97.60
1698	92.10
1699	96.04
1700	89.24
1701	100.72
1702	99.35
1703	90.39
1704	97.69
1705	90.69
1706	95.65
1707	94.20
1708	92.16
1709	96.27
1710	94.18
1711	91.54
1712	94.25
1713	91.88
1714	88.75
1715	90.95
1716	91.23
1717	87.90
1718	90.54
1719	101.97
1720	92.36
1721	90.67
1722	95.99
1723	92.83
1724	93.14
1725	91.00
1726	94.42
1727	93.54
1728	93.26
1729	95.67
1730	89.86
1731	97.09
1732	92.68
1733	90.37
1734	98.79
1735	87.91
1736	92.48
1737	95.54
1738	87.14
1739	88.87
1740	97.67
1741	94.41
1742	96.94
1743	96.28
1744	92.04
1745	90.97
1746	91.01
1747	95.40
1748	98.48
1749	92.80
1750	88.70
1751	88.19
1752	96.86
1753	87.80
1754	92.62
1755	94.40
1756	91.99
1757	84.96
1758	95.23
1759	93.41
1760	93.24
1761	90.48
1762	94.88
1763	89.50
1764	92.65
1765	88.85
1766	97.02
1767	90.79
1768	96.46
1769	86.43
1770	93.06
1771	90.71
1772	93.54
1773	89.42
1774	89.39
1775	92.94
1776	88.79
1777	90.53
1778	99.15
1779	95.97
1780	91.19
1781	90.76
1782	91.32
1783	95.39
1784	88.66
1785	93.14
1786	89.44
1787	98.61
1788	94.27
1789	96.00
1790	93.28
1791	90.96
1792	96.28
1793	92.77
1794	93.65
1795	93.89
1796	95.35
1797	99.12
1798	92.19
1799	95.90
1800	91.14
1801	95.03
1802	96.38
1803	91.77
1804	92.17
1805	89.51
1806	90.31
1807	93.87
1808	98.72
1809	92.57
1810	100.56
1811	95.63
1812	92.86
1813	96.72
1814	94.63
1815	97.84
1816	92.54
1817	93.39
1818	88.09
1819	88.72
1820	93.00
1821	93.32
1822	93.02
1823	94.54
1824	91.81
1825	88.62
1826	92.19
1827	89.17
1828	92.28
1829	92.16
1830	86.71
1831	86.40
1832	86.69
1833	93.52
1834	92.92
1835	91.53
1836	87.23
1837	92.61
1838	93.49
1839	91.09
1840	86.21
1841	89.94
1842	97.66
1843	97.06
1844	88.62
1845	95.42
1846	94.19
1847	93.28
1848	88.46
1849	97.24
1850	90.21
1851	90.23
1852	91.34
1853	89.44
1854	88.98
1855	91.73
1856	89.63
1857	89.60
1858	92.24
1859	90.74
1860	87.00
1861	91.49
1862	93.22
1863	90.99
1864	87.95
1865	91.46
1866	90.02
1867	91.51
1868	89.92
1869	90.73
1870	89.70
1871	94.52
1872	91.66
1873	95.89
1874	88.21
1875	92.40
1876	90.28
1877	93.03
1878	87.20
1879	90.81
1880	92.22
1881	90.41
1882	87.49
1883	87.84
1884	90.49
1885	88.65
1886	90.46
1887	89.66
1888	85.07
1889	97.88
1890	89.31
1891	88.47
1892	90.53
1893	88.20
1894	95.01
1895	96.08
1896	90.72
1897	88.21
1898	85.77
1899	87.82
1900	93.43
1901	92.40
1902	88.48
1903	88.96
1904	85.76
1905	88.59
1906	91.41
1907	96.47
1908	87.58
1909	89.19
1910	95.24
1911	92.01
1912	85.13
1913	88.01
1914	86.61
1915	91.26
1916	89.44
1917	95.51
1918	89.12
1919	93.50
1920	84.87
1921	91.23
1922	92.99
1923	89.20
1924	90.13
1925	84.42
1926	94.04
1927	87.66
1928	87.03
1929	88.10
1930	92.56
1931	93.91
1932	91.73
1933	87.09
1934	94.23
1935	93.73
1936	93.14
1937	90.08
1938	88.70
1939	89.48
1940	91.20
1941	90.71
1942	94.62
1943	87.48
1944	86.21
1945	91.24
1946	89.10
1947	92.05
1948	89.51
1949	86.44
1950	89.21
1951	87.37
1952	89.31
1953	86.03
1954	84.55
1955	94.46
1956	91.55
1957	88.71
1958	89.50
1959	91.14
1960	90.81
1961	85.55
1962	90.99
1963	89.06
1964	88.81
1965	87.80
1966	92.50
1967	88.75
1968	91.59
1969	89.20
1970	93.88
1971	90.63
1972	91.52
1973	86.69
1974	88.74
1975	85.68
1976	87.40
1977	91.29
1978	88.39
1979	92.55
1980	90.02
1981	91.70
1982	95.64
1983	86.59
1984	90.94
1985	87.42
1986	92.25
1987	87.51
1988	86.19
1989	88.60
1990	89.98
1991	85.07
1992	89.25
1993	90.71
1994	90.00
1995	88.34
1996	87.79
1997	90.32
1998	94.20
1999	92.07
2000	88.54
2001	90.91
2002	92.93
2003	88.08
2004	85.36
2005	86.19
2006	86.15
2007	86.77
2008	85.99
2009	91.36
2010	94.74
2011	86.95
2012	93.02
2013	90.71
2014	89.94
2015	86.21
2016	85.63
2017	91.38
2018	90.12
2019	92.60
2020	89.97
2021	92.90
2022	89.39
2023	94.89
2024	88.65
2025	90.41
2026	94.33
2027	85.91
2028	84.09
2029	89.49
2030	87.53
2031	85.28
2032	90.64
2033	88.69
2034	88.82
2035	90.57
2036	96.85
2037	93.32
2038	87.41
2039	88.98
2040	91.28
2041	94.20
2042	88.33
2043	90.83
2044	90.09
2045	83.72
2046	89.19
2047	87.82
2048	95.95
2049	92.34
2050	90.05
2051	86.59
2052	90.13
2053	86.15
2054	91.13
2055	91.33
2056	86.38
2057	91.15
2058	94.44
2059	90.84
2060	89.06
2061	86.50
2062	90.37
2063	89.57
2064	90.18
2065	92.46
2066	87.74
2067	90.40
2068	89.23
2069	94.31
2070	92.50
2071	94.60
2072	88.90
2073	94.51
2074	89.66
2075	83.97
2076	86.49
2077	92.88
2078	87.00
2079	85.36
2080	89.44
2081	91.44
2082	88.40
2083	89.84
2084	88.90
2085	88.60
2086	90.76
2087	90.76
2088	91.21
2089	89.67
2090	90.31
2091	87.14
2092	89.29
2093	89.50
2094	87.40
2095	89.08
2096	91.29
2097	88.74
2098	91.51
2099	89.07
2100	87.53
2101	88.50
2102	93.41
2103	89.16
2104	86.96
2105	92.52
2106	87.58
2107	92.34
2108	91.94
2109	84.86
2110	91.14
2111	88.73
2112	89.06
2113	89.94
2114	87.50
2115	90.14
2116	92.98
2117	88.24
2118	90.79
2119	85.68
2120	86.89
2121	92.35
2122	91.10
2123	88.53
2124	87.76
2125	88.08
2126	89.86
2127	88.85
2128	92.36
2129	86.46
2130	92.13
2131	90.19
2132	87.69
2133	88.44
2134	88.68
2135	84.29
2136	87.29
2137	83.18
2138	93.23
2139	91.49
2140	83.36
2141	79.90
2142	93.41
2143	86.54
2144	89.33
2145	89.45
2146	86.33
2147	96.45
2148	92.93
2149	91.67
2150	89.97
2151	89.90
2152	89.58
2153	89.73
2154	83.42
2155	84.10
2156	90.88
2157	89.47
2158	89.86
2159	95.76
2160	88.74
2161	89.24
2162	88.48
2163	91.57
2164	87.47
2165	94.00
2166	82.94
2167	88.68
2168	90.49
2169	94.92
2170	88.17
2171	91.41
2172	90.07
2173	90.22
2174	85.98
2175	86.57
2176	87.82
2177	88.93
2178	89.54
2179	89.52
2180	88.63
2181	88.53
2182	92.10
2183	89.89
2184	91.83
2185	87.08
2186	86.32
2187	91.44
2188	95.17
2189	89.10
2190	94.86
2191	89.13
2192	90.16
2193	91.18
2194	84.34
2195	89.80
2196	89.50
2197	87.95
2198	85.91
2199	90.85
2200	90.95
2201	89.99
2202	88.99
2203	86.87
2204	89.15
2205	87.79
2206	87.04
2207	92.00
2208	87.27
2209	86.40
2210	94.92
2211	92.57
2212	90.02
2213	88.44
2214	86.97
2215	95.05
2216	91.23
2217	88.51
2218	96.39
2219	88.42
2220	88.32
2221	88.81
2222	89.47
2223	90.47
2224	86.09
2225	84.98
2226	88.42
2227	87.13
2228	91.85
2229	93.75
2230	88.79
2231	87.39
2232	87.70
2233	91.36
2234	89.33
2235	88.43
2236	92.77
2237	94.43
2238	91.08
2239	88.63
2240	93.30
2241	89.06
2242	89.52
2243	86.78
2244	88.41
2245	87.63
2246	87.74
2247	91.82
2248	92.19
2249	85.43
2250	91.49
2251	91.69
2252	90.98
2253	87.68
2254	93.40
2255	86.50
2256	94.82
2257	94.76
2258	86.73
2259	88.63
2260	91.57
2261	90.97
2262	92.86
2263	88.95
2264	89.47
2265	92.37
2266	85.61
2267	89.04
2268	90.07
2269	91.51
2270	88.86
2271	89.87
2272	85.83
2273	89.27
2274	91.58
2275	89.33
2276	88.31
2277	87.92
2278	90.77
2279	81.11
2280	87.41
2281	88.01
2282	94.44
2283	86.79
2284	87.22
2285	90.15
2286	87.41
2287	88.70
2288	89.99
2289	84.36
2290	85.06
2291	91.81
2292	89.36
2293	91.08
2294	91.92
2295	89.00
2296	88.95
2297	88.51
2298	85.75
2299	86.62
2300	87.14
2301	85.92
2302	92.26
2303	88.39
2304	86.51
2305	89.39
2306	88.84
2307	92.59
2308	94.06
2309	89.68
2310	87.60
2311	89.04
2312	90.25
2313	87.46
2314	88.34
2315	84.66
2316	91.75
2317	91.72
2318	88.36
2319	86.09
2320	88.98
2321	87.96
2322	88.05
2323	83.66
2324	87.72
2325	92.95
2326	88.94
2327	88.15
2328	91.11
2329	90.53
2330	86.31
2331	91.58
2332	89.95
2333	87.13
2334	90.07
2335	88.78
2336	87.62
2337	87.56
2338	86.11
2339	90.14
2340	87.83
2341	86.12
2342	88.88
2343	91.45
2344	85.96
2345	86.90
2346	90.82
2347	88.06
2348	94.64
2349	87.23
2350	87.65
2351	90.48
2352	87.47
2353	91.99
2354	83.30
2355	85.39
2356	89.93
2357	86.67
2358	85.66
2359	89.73
2360	90.34
2361	91.80
2362	86.80
2363	92.19
2364	88.04
2365	88.27
2366	94.99
2367	93.46
2368	84.85
2369	88.42
2370	89.04
2371	90.95
2372	84.73
2373	87.52
2374	89.27
2375	87.95
2376	85.61
2377	89.51
2378	87.09
2379	87.35
2380	90.22
2381	90.98
2382	87.79
2383	83.67
2384	87.16
2385	90.38
2386	87.17
2387	91.58
2388	88.26
2389	89.88
2390	89.19
2391	90.71
2392	92.35
2393	89.63
2394	87.30
2395	91.95
2396	86.75
2397	88.50
2398	94.76
2399	88.81
2400	84.88
2401	88.72
2402	91.01
2403	90.36
2404	89.78
2405	91.34
2406	88.26
2407	86.24
2408	84.51
2409	83.05
2410	85.96
2411	87.47
2412	85.51
2413	89.14
2414	83.27
2415	87.09
2416	90.57
2417	82.29
2418	87.55
2419	90.18
2420	91.44
2421	91.94
2422	90.08
2423	84.24
2424	86.49
2425	88.55
2426	93.67
2427	91.39
2428	86.15
2429	97.07
2430	86.99
2431	83.19
2432	92.91
2433	87.35
2434	90.61
2435	85.36
2436	92.94
2437	87.16
2438	87.54
2439	89.91
2440	88.16
2441	86.77
2442	92.05
2443	89.11
2444	88.67
2445	89.42
2446	90.89
2447	86.76
2448	90.01
2449	88.74
2450	87.16
2451	91.31
2452	89.00
2453	88.17
2454	86.32
2455	90.48
2456	84.52
2457	87.22
2458	90.63
2459	91.40
2460	88.80
2461	92.40
2462	87.46
2463	87.90
2464	89.79
2465	89.04
2466	88.77
2467	87.81
2468	89.08
2469	88.11
2470	89.77
2471	83.90
2472	89.22
2473	86.25
2474	93.85
2475	89.39
2476	88.56
2477	87.81
2478	85.54
2479	94.17
2480	85.17
2481	86.95
2482	91.50
2483	89.42
2484	88.12
2485	94.40
2486	87.79
2487	85.82
2488	87.91
2489	86.97
2490	92.39
2491	87.73
2492	87.16
2493	89.58
2494	87.04
2495	91.00
2496	91.45
2497	85.43
2498	87.54
2499	86.55
2500	91.73
2501	85.84
2502	88.74
2503	85.48
2504	87.96
2505	92.49
2506	91.57
2507	86.69
2508	87.26
2509	86.34
2510	91.61
2511	89.04
2512	95.31
2513	87.84
2514	84.01
2515	81.35
2516	89.46
2517	86.52
2518	89.30
2519	88.33
2520	88.18
2521	92.57
2522	88.96
2523	84.88
2524	87.54
2525	86.92
2526	89.91
2527	88.33
2528	81.42
2529	91.84
2530	90.99
2531	90.13
2532	93.12
2533	83.97
2534	93.34
2535	85.01
2536	87.09
2537	90.81
2538	90.83
2539	89.00
2540	89.42
2541	85.72
2542	87.22
2543	88.08
2544	86.21
2545	90.88
2546	85.41
2547	88.03
2548	88.60
2549	90.71
2550	91.46
2551	94.17
2552	83.05
2553	86.58
2554	87.13
2555	89.83
2556	88.67
2557	87.24
2558	87.19
2559	88.83
2560	87.21
2561	90.09
2562	92.45
2563	85.97
2564	80.54
2565	84.67
2566	85.61
2567	90.58
2568	85.18
2569	88.01
2570	91.69
2571	90.19
2572	87.85
2573	83.85
2574	88.13
2575	80.02
2576	88.43
2577	88.82
2578	91.47
2579	88.20
2580	92.32
2581	88.01
2582	89.05
2583	91.42
2584	85.65
2585	89.42
2586	84.22
2587	93.93
2588	87.55
2589	84.81
2590	88.09
2591	87.16
2592	85.34
2593	88.95
2594	86.57
2595	90.61
2596	87.76
2597	89.49
2598	88.58
2599	88.22
2600	87.44
2601	84.33
2602	90.80
2603	88.32
2604	88.56
2605	86.67
2606	85.55
2607	84.62
2608	89.32
2609	87.80
2610	81.63
2611	90.22
2612	93.86
2613	89.37
2614	90.12
2615	90.16
2616	91.50
2617	91.64
2618	90.34
2619	86.08
2620	86.21
2621	85.07
2622	84.14
2623	85.16
2624	84.87
2625	91.59
2626	87.30
2627	85.69
2628	89.28
2629	90.92
2630	87.54
2631	91.14
2632	89.87
2633	88.32
2634	86.68
2635	85.25
2636	94.52
2637	89.58
2638	87.71
2639	90.35
2640	90.34
2641	88.50
2642	86.07
2643	89.35
2644	86.45
2645	87.26
2646	85.38
2647	89.61
2648	85.39
2649	87.11
2650	92.79
2651	87.15
2652	88.03
2653	88.88
2654	87.18
2655	90.05
2656	92.33
2657	87.46
2658	86.75
2659	85.25
2660	91.25
2661	92.31
2662	87.24
2663	86.30
2664	90.44
2665	91.93
2666	88.57
2667	92.18
2668	86.43
2669	87.78
2670	84.92
2671	90.13
2672	90.79
2673	89.30
2674	87.05
2675	85.61
2676	86.18
2677	87.57
2678	92.74
2679	85.81
2680	88.04
2681	89.90
2682	86.71
2683	89.03
2684	88.54
2685	86.73
2686	88.47
2687	86.70
2688	84.37
2689	81.05
2690	91.81
2691	89.40
2692	86.98
2693	88.72
2694	88.67
2695	88.92
2696	87.14
2697	86.05
2698	88.76
2699	90.19
2700	88.53
2701	91.50
2702	87.41
2703	86.68
2704	91.07
2705	85.69
2706	88.77
2707	89.30
2708	90.70
2709	92.34
2710	92.12
2711	83.02
2712	89.02
2713	89.86
2714	86.93
2715	89.72
2716	84.32
2717	92.08
2718	92.27
2719	87.72
2720	95.64
2721	86.37
2722	89.66
2723	90.87
2724	89.74
2725	94.31
2726	88.65
2727	84.71
2728	89.23
2729	89.90
2730	85.77
2731	91.04
2732	96.55
2733	91.42
2734	90.35
2735	87.44
2736	94.35
2737	83.74
2738	86.19
2739	88.66
2740	89.20
2741	85.60
2742	86.63
2743	85.00
2744	86.52
2745	90.14
2746	91.51
2747	89.86
2748	87.95
2749	87.05
2750	92.13
2751	93.42
2752	92.53
2753	91.19
2754	84.64
2755	87.66
2756	87.83
2757	88.83
2758	88.50
2759	86.39
2760	88.07
2761	88.99
2762	89.93
2763	86.55
2764	91.66
2765	81.58
2766	88.17
2767	88.22
2768	90.14
2769	88.72
2770	84.73
2771	87.53
2772	87.16
2773	89.52
2774	89.60
2775	85.53
2776	91.66
2777	84.74
2778	91.49
2779	92.09
2780	88.92
2781	87.58
2782	84.84
2783	85.24
2784	88.46
2785	86.24
2786	84.69
2787	88.40
2788	86.74
2789	86.91
2790	91.56
2791	89.03
2792	95.06
2793	89.42
2794	87.78
2795	88.55
2796	94.13
2797	85.13
2798	84.31
2799	81.59
2800	91.57
2801	86.69
2802	88.07
2803	89.63
2804	87.85
2805	95.11
2806	84.55
2807	88.16
2808	85.17
2809	87.58
2810	90.50
2811	84.11
2812	88.49
2813	91.89
2814	87.21
2815	89.56
2816	83.72
2817	87.14
2818	91.81
2819	86.84
2820	88.73
2821	89.27
2822	89.02
2823	89.65
2824	85.61
2825	95.07
2826	88.24
2827	92.43
2828	83.12
2829	90.30
2830	92.74
2831	87.52
2832	89.58
2833	88.02
2834	91.66
2835	90.72
2836	89.13
2837	87.36
2838	86.92
2839	86.91
2840	90.97
2841	89.84
2842	86.57
2843	87.32
2844	90.42
2845	84.28
2846	90.19
2847	87.50
2848	86.79
2849	91.13
2850	93.42
2851	90.35
2852	86.31
2853	85.06
2854	90.86
2855	89.46
2856	84.59
2857	89.74
2858	87.91
2859	85.98
2860	90.31
2861	92.96
2862	88.29
2863	87.47
2864	88.28
2865	93.24
2866	88.84
2867	87.83
2868	83.04
2869	87.40
2870	85.27
2871	90.71
2872	86.68
2873	89.51
2874	88.00
2875	91.61
2876	88.25
2877	87.85
2878	87.26
2879	87.29
2880	89.81
2881	91.29
2882	88.84
2883	85.89
2884	88.94
2885	84.18
2886	83.22
2887	85.87
2888	88.34
2889	89.19
2890	84.22
2891	86.47
2892	83.97
2893	88.06
2894	90.31
2895	91.45
2896	86.82
2897	91.72
2898	87.62
2899	85.96
2900	87.31
2901	91.60
2902	82.95
2903	84.79
2904	85.54
2905	85.84
2906	86.19
2907	82.41
2908	90.24
2909	87.21
2910	85.84
2911	88.98
2912	90.14
2913	86.31
2914	88.97
2915	85.80
2916	89.70
2917	87.91
2918	90.48
2919	91.07
2920	88.04
2921	88.02
2922	88.65
2923	86.26
2924	86.90
2925	87.18
2926	84.91
2927	90.30
2928	86.38
2929	91.01
2930	83.70
2931	88.09
2932	86.61
2933	87.15
2934	90.92
2935	90.38
2936	88.22
2937	90.90
2938	88.80
2939	92.14
2940	88.19
2941	88.86
2942	80.89
2943	90.30
2944	85.55
2945	94.05
2946	89.54
2947	87.15
2948	91.89
2949	86.32
2950	85.42
2951	86.29
2952	85.68
2953	90.43
2954	84.74
2955	86.09
2956	88.27
2957	86.81
2958	91.80
2959	87.50
2960	90.19
2961	91.58
2962	87.07
2963	90.17
2964	89.08
2965	86.26
2966	90.79
2967	90.47
2968	82.92
2969	92.47
2970	87.18
2971	82.59
2972	88.92
2973	89.21
2974	86.25
2975	84.59
2976	90.24
2977	87.49
2978	87.60
2979	88.54
2980	90.25
2981	92.69
2982	91.28
2983	91.74
2984	88.12
2985	86.78
2986	90.12
2987	89.56
2988	82.56
2989	87.76
2990	89.10
2991	86.49
2992	90.67
2993	85.39
2994	91.21
2995	91.10
2996	85.69
2997	88.81
2998	85.75
2999	90.50
3000	91.57
3001	89.77
3002	89.08
3003	91.19
3004	94.71
3005	85.93
3006	92.42
3007	89.77
3008	89.18
3009	88.01
3010	87.67
3011	82.67
3012	88.42
3013	85.42
3014	89.28
3015	89.12
3016	86.99
3017	88.41
3018	85.83
3019	84.66
3020	90.71
3021	86.31
3022	87.27
3023	87.74
3024	94.22
3025	88.53
3026	89.48
3027	85.21
3028	81.15
3029	92.36
3030	89.58
3031	85.61
3032	88.42
3033	91.88
3034	90.64
3035	92.62
3036	89.69
3037	90.10
3038	87.10
3039	83.17
3040	92.75
3041	91.60
3042	91.35
3043	86.94
3044	85.80
3045	86.88
3046	89.62
3047	85.65
3048	86.79
3049	91.60
3050	86.48
3051	82.14
3052	88.70
3053	85.01
3054	86.56
3055	87.80
3056	89.16
3057	84.33
3058	89.16
3059	86.97
3060	88.86
3061	87.08
3062	90.06
3063	86.28
3064	90.01
3065	85.60
3066	88.51
3067	88.91
3068	92.28
3069	85.86
3070	89.12
3071	87.69
3072	85.60
3073	82.57
3074	90.66
3075	88.33
3076	87.72
3077	91.90
3078	91.67
3079	86.08
3080	90.02
3081	89.19
3082	87.52
3083	89.93
3084	86.35
3085	91.75
3086	85.29
3087	88.04
3088	91.58
3089	85.72
3090	86.10
3091	91.89
3092	88.96
3093	85.98
3094	86.92
3095	90.79
3096	86.48
3097	92.65
3098	86.88
3099	87.56
3100	89.43
3101	90.77
3102	89.54
3103	86.91
3104	89.20
3105	86.87
3106	87.27
3107	88.55
3108	92.93
3109	90.42
3110	82.95
3111	83.31
3112	84.71
3113	87.77
3114	92.13
3115	86.18
3116	86.58
3117	91.54
3118	91.31
3119	89.68
3120	89.32
3121	90.57
3122	89.91
3123	90.36
3124	88.97
3125	90.29
3126	90.90
3127	92.94
3128	88.11
3129	89.90
3130	83.06
3131	90.32
3132	89.16
3133	85.99
3134	90.13
3135	85.74
3136	90.91
3137	91.98
3138	87.84
3139	87.28
3140	91.20
3141	93.45
3142	88.61
3143	90.30
3144	84.33
3145	85.17
3146	89.01
3147	84.83
3148	93.36
3149	88.49
3150	93.17
3151	91.99
3152	84.78
3153	82.27
3154	86.22
3155	91.31
3156	87.23
3157	89.47
3158	88.63
3159	86.21
3160	90.29
3161	89.90
3162	81.32
3163	84.90
3164	89.82
3165	85.92
3166	88.57
3167	86.90
3168	90.20
3169	90.46
3170	89.62
3171	87.75
3172	89.37
3173	84.58
3174	87.43
3175	92.43
3176	87.44
3177	89.88
3178	88.43
3179	84.58
3180	89.75
3181	86.13
3182	90.42
3183	86.74
3184	85.05
3185	84.49
3186	88.71
3187	92.52
3188	88.93
3189	91.44
3190	89.11
3191	91.05
3192	90.01
3193	85.93
3194	88.43
3195	88.64
3196	87.39
3197	90.09
3198	85.29
3199	89.61
3200	88.43
3201	91.22
3202	86.28
3203	93.15
3204	93.26
3205	87.63
3206	86.45
3207	87.58
3208	85.04
3209	84.32
3210	88.38
3211	81.83
3212	95.16
3213	84.28
3214	86.48
3215	92.21
3216	92.42
3217	86.09
3218	89.20
3219	86.94
3220	90.41
3221	90.22
3222	89.42
3223	90.75
3224	92.31
3225	86.26
3226	90.30
3227	87.80
3228	88.21
3229	85.87
3230	90.00
3231	91.37
3232	87.08
3233	91.67
3234	89.66
3235	87.92
3236	89.42
3237	89.74
3238	89.83
3239	91.50
3240	95.54
3241	96.24
3242	93.30
3243	85.94
3244	90.62
3245	93.57
3246	91.48
3247	91.89
3248	89.20
3249	89.71
3250	92.89
3251	91.44
3252	90.36
3253	90.72
3254	88.82
3255	94.25
3256	88.02
3257	89.38
3258	90.57
3259	90.95
3260	84.46
3261	90.57
3262	92.75
3263	90.68
3264	95.01
3265	86.91
3266	91.71
3267	90.47
3268	89.55
3269	91.20
3270	85.50
3271	88.54
3272	86.52
3273	87.83
3274	89.89
3275	89.51
3276	83.98
3277	85.38
3278	83.46
3279	85.60
3280	91.50
3281	90.08
3282	83.47
3283	89.13
3284	88.05
3285	85.46
3286	90.92
3287	88.26
3288	91.82
3289	91.13
3290	91.84
3291	84.48
3292	86.56
3293	82.33
3294	94.04
3295	91.29
3296	89.46
3297	88.75
3298	85.85
3299	92.25
3300	85.05
3301	88.46
3302	85.70
3303	86.02
3304	88.25
3305	86.38
3306	94.38
3307	86.89
3308	90.73
3309	94.50
3310	86.44
3311	90.26
3312	87.77
3313	88.21
3314	90.13
3315	90.61
3316	85.14
3317	89.25
3318	85.58
3319	91.82
3320	87.46
3321	93.32
3322	88.07
3323	88.92
3324	92.42
3325	88.76
3326	92.83
3327	91.48
3328	87.42
3329	91.23
3330	85.55
3331	88.25
3332	90.61
3333	91.69
3334	93.02
3335	89.90
3336	89.31
3337	86.82
3338	90.53
3339	92.66
3340	84.22
3341	89.37
3342	87.51
3343	86.91
3344	88.20
3345	95.36
3346	89.44
3347	89.64
3348	90.13
3349	93.17
3350	91.67
3351	91.76
3352	86.84
3353	95.21
3354	88.22
3355	88.84
3356	90.31
3357	86.98
3358	88.05
3359	87.17
3360	93.25
3361	93.36
3362	91.16
3363	92.14
3364	84.74
3365	86.71
3366	88.48
3367	92.94
3368	91.40
3369	91.87
3370	88.58
3371	90.31
3372	91.97
3373	96.11
3374	91.96
3375	89.09
3376	91.77
3377	87.49
3378	89.05
3379	90.93
3380	95.60
3381	94.43
3382	96.62
3383	91.52
3384	88.92
3385	92.63
3386	89.59
3387	86.31
3388	92.55
3389	86.00
3390	91.09
3391	91.74
3392	90.54
3393	90.28
3394	88.50
3395	91.14
3396	86.53
3397	92.46
3398	86.56
3399	88.17
3400	88.57
3401	92.06
3402	90.44
3403	93.85
3404	92.15
3405	87.06
3406	87.84
3407	90.17
3408	92.30
3409	89.21
3410	87.03
3411	91.12
3412	86.67
3413	84.77
3414	91.51
3415	93.44
3416	91.42
3417	90.65
3418	92.60
3419	87.82
3420	88.86
3421	91.76
3422	91.71
3423	89.77
3424	93.56
3425	85.25
3426	87.14
3427	94.06
3428	95.95
3429	91.37
3430	91.37
3431	87.24
3432	91.48
3433	95.07
3434	93.00
3435	91.93
3436	87.00
3437	85.07
3438	87.16
3439	88.28
3440	93.44
3441	92.02
3442	85.19
3443	90.54
3444	86.08
3445	86.95
3446	90.35
3447	91.40
3448	90.55
3449	84.66
3450	89.47
3451	97.01
3452	86.15
3453	91.42
3454	90.12
3455	85.04
3456	90.65
3457	90.59
3458	93.66
3459	92.42
3460	90.50
3461	91.05
3462	93.70
3463	90.38
3464	91.17
3465	93.63
3466	86.44
3467	89.60
3468	92.53
3469	93.53
3470	87.21
3471	88.72
3472	87.98
3473	95.47
3474	88.07
3475	96.62
3476	92.87
3477	86.74
3478	87.06
3479	91.19
3480	95.12
3481	87.04
3482	90.47
3483	89.98
3484	87.73
3485	90.70
3486	90.41
3487	89.56
3488	86.26
3489	91.23
3490	88.55
3491	91.50
3492	91.01
3493	86.68
3494	92.52
3495	94.00
3496	86.60
3497	95.94
3498	91.51
3499	89.39
3500	91.60
3501	86.87
3502	89.29
3503	97.96
3504	93.61
3505	92.27
3506	85.26
3507	90.76
3508	90.19
3509	86.62
3510	86.16
3511	95.33
3512	92.33
3513	89.93
3514	85.36
3515	90.63
3516	90.36
3517	89.94
3518	90.39
3519	88.87
3520	95.09
3521	91.80
3522	84.45
3523	88.53
3524	91.08
3525	91.73
3526	95.10
3527	90.72
3528	85.87
3529	86.69
3530	86.23
3531	93.31
3532	91.80
3533	84.93
3534	92.53
3535	87.73
3536	85.62
3537	92.97
3538	93.10
3539	93.48
3540	88.92
3541	84.90
3542	90.68
3543	91.41
3544	88.59
3545	89.60
3546	88.50
3547	94.64
3548	90.82
3549	91.30
3550	90.09
3551	93.63
3552	89.76
3553	89.90
3554	90.67
3555	87.47
3556	92.59
3557	90.17
3558	87.69
3559	91.86
3560	82.37
3561	90.53
3562	90.63
3563	93.85
3564	87.20
3565	91.97
3566	85.69
3567	85.51
3568	87.02
3569	85.71
3570	91.60
3571	88.60
3572	87.22
3573	93.69
3574	87.29
3575	88.68
3576	93.12
3577	87.63
3578	91.93
3579	89.07
3580	81.49
3581	88.10
3582	88.74
3583	83.91
3584	84.20
3585	88.00
3586	89.22
3587	89.50
3588	92.08
3589	95.99
3590	82.10
3591	88.34
3592	87.77
3593	83.55
3594	88.77
3595	88.28
3596	94.56
3597	93.00
3598	84.05
3599	89.98
3600	85.91
3601	89.00
3602	87.99
3603	86.78
3604	89.46
3605	88.20
3606	87.65
3607	92.21
3608	88.65
3609	94.62
3610	89.41
3611	91.42
3612	91.23
3613	88.89
3614	83.65
3615	87.85
3616	88.08
3617	91.39
3618	89.05
3619	86.67
3620	93.45
3621	87.23
3622	86.13
3623	88.48
3624	91.04
3625	90.73
3626	86.83
3627	83.28
3628	88.95
3629	85.43
3630	90.48
3631	90.70
3632	86.64
3633	81.41
3634	88.48
3635	87.85
3636	94.57
3637	92.37
3638	92.26
3639	87.06
3640	91.53
3641	88.33
3642	88.54
3643	86.23
3644	89.28
3645	88.79
3646	86.63
3647	88.69
3648	92.46
3649	81.55
3650	88.22
3651	88.98
3652	89.42
3653	88.08
3654	84.34
3655	88.65
3656	88.66
3657	91.04
3658	88.76
3659	88.91
3660	89.09
3661	91.43
3662	82.68
3663	91.53
3664	90.11
3665	88.51
3666	88.68
3667	89.85
3668	85.15
3669	90.81
3670	87.27
3671	90.23
3672	87.01
3673	87.43
3674	86.22
3675	88.53
3676	86.83
3677	91.84
3678	88.57
3679	93.70
3680	88.77
3681	83.52
3682	87.20
3683	87.56
3684	86.96
3685	85.72
3686	91.18
3687	85.70
3688	90.18
3689	82.88
3690	87.82
3691	89.28
3692	94.67
3693	88.57
3694	86.63
3695	88.88
3696	88.49
3697	89.84
3698	81.72
3699	84.62
3700	90.85
3701	86.64
3702	82.95
3703	88.04
3704	87.75
3705	86.33
3706	88.38
3707	86.01
3708	88.96
3709	87.61
3710	86.25
3711	91.63
3712	89.75
3713	84.73
3714	87.97
3715	91.14
3716	94.33
3717	89.81
3718	92.48
3719	90.96
3720	87.90
3721	86.85
3722	85.42
3723	85.43
3724	90.60
3725	86.58
3726	88.41
3727	85.05
3728	83.94
3729	84.72
3730	96.48
3731	96.09
3732	92.73
3733	87.86
3734	94.69
3735	92.06
3736	92.96
3737	92.62
3738	89.61
3739	92.68
3740	88.93
3741	91.04
3742	85.58
3743	87.13
3744	89.48
3745	90.95
3746	89.39
3747	90.00
3748	86.52
3749	87.90
3750	87.63
3751	82.67
3752	90.69
3753	87.55
3754	83.83
3755	87.89
3756	87.65
3757	88.68
3758	84.65
3759	82.72
3760	88.80
3761	86.88
3762	91.52
3763	93.00
3764	83.66
3765	88.92
3766	89.84
3767	81.46
3768	82.77
3769	82.41
3770	91.83
3771	86.65
3772	93.08
3773	89.44
3774	85.59
3775	85.47
3776	85.02
3777	88.41
3778	89.58
3779	85.71
3780	93.51
3781	90.55
3782	85.28
3783	86.14
3784	85.43
3785	89.02
3786	90.58
3787	88.61
3788	86.30
3789	89.04
3790	86.62
3791	86.11
3792	90.56
3793	87.85
3794	86.29
3795	90.36
3796	84.81
3797	86.78
3798	91.75
3799	85.42
3800	85.16
3801	89.82
3802	85.25
3803	87.07
3804	86.14
3805	85.10
3806	85.08
3807	89.95
3808	83.97
3809	89.51
3810	93.03
3811	92.88
3812	90.73
3813	85.41
3814	87.65
3815	82.22
3816	88.16
3817	86.14
3818	88.98
3819	91.43
3820	92.00
3821	90.46
3822	87.98
3823	89.81
3824	88.62
3825	87.24
3826	81.23
3827	91.00
3828	90.04
3829	87.45
3830	94.01
3831	91.69
3832	87.65
3833	88.55
3834	87.80
3835	85.89
3836	85.44
3837	92.06
3838	89.47
3839	88.89
3840	90.68
3841	80.82
3842	90.51
3843	90.74
3844	89.56
3845	89.30
3846	84.85
3847	89.75
3848	92.48
3849	86.73
3850	92.50
3851	87.45
3852	93.26
3853	91.44
3854	85.57
3855	90.35
3856	90.76
3857	88.54
3858	93.55
3859	91.53
3860	89.55
3861	93.70
3862	94.07
3863	91.98
3864	87.52
3865	87.92
3866	90.17
3867	93.52
3868	89.90
3869	90.97
3870	85.11
3871	86.22
3872	88.42
3873	82.95
3874	91.81
3875	92.42
3876	86.44
3877	91.60
3878	87.33
3879	88.27
3880	94.50
3881	91.83
3882	85.09
3883	87.23
3884	87.98
3885	93.23
3886	84.65
3887	89.53
3888	92.86
3889	87.36
3890	86.95
3891	90.52
3892	88.87
3893	81.63
3894	91.17
3895	86.25
3896	90.24
3897	87.47
3898	87.67
3899	88.82
3900	87.01
3901	88.16
3902	88.40
3903	86.33
3904	86.15
3905	87.79
3906	84.90
3907	87.07
3908	92.50
3909	90.67
3910	87.61
3911	90.19
3912	85.16
3913	82.33
3914	90.41
3915	93.30
3916	88.77
3917	91.20
3918	88.94
3919	92.66
3920	90.21
3921	88.29
3922	87.96
3923	87.33
3924	88.45
3925	89.83
3926	93.14
3927	94.57
3928	89.24
3929	89.64
3930	88.73
3931	92.21
3932	90.22
3933	90.06
3934	85.93
3935	90.32
3936	82.97
3937	91.01
3938	91.11
3939	85.47
3940	87.66
3941	89.46
3942	89.52
3943	86.80
3944	88.10
3945	86.05
3946	88.38
3947	91.07
3948	90.66
3949	90.84
3950	90.44
3951	94.42
3952	91.79
3953	87.34
3954	87.29
3955	88.42
3956	87.20
3957	85.88
3958	89.92
3959	86.43
3960	90.82
3961	85.11
3962	89.45
3963	91.65
3964	94.84
3965	88.70
3966	83.28
3967	88.47
3968	90.10
3969	87.16
3970	89.12
3971	80.78
3972	89.14
3973	85.22
3974	87.93
3975	88.09
3976	90.15
3977	90.49
3978	90.13
3979	86.98
3980	88.17
3981	87.07
3982	84.34
3983	90.50
3984	89.78
3985	90.52
3986	87.40
3987	88.47
3988	88.40
3989	89.15
3990	84.86
3991	89.48
3992	89.48
3993	87.19
3994	87.96
3995	88.39
3996	92.61
3997	86.50
3998	89.18
3999	86.89
4000	88.01
